[]
[]
[3 5 199 347 9103 67939]
[3 47]
[3 5 47 97 701 9413]
[3 5 2161 6569]
[13]
[]
[]
[3 5 14489]
[3 11 42863 205069]
[7 419 544937 4677359]
[3 6673]
[3 251]
[23 61 277 577 79481 118633]
[367 1354547 17904917]
[3 19]
[5 521 65147 7684693]
[3 5 19 5069879]
[3 85513 4168279]
[3 5 11]
[101 2349803]
[3 5]
[7225913]
[3 7 2143]
[3]
[3 5 877]
[3 5 251 617 65063]
[13 17959 9188887]
[3 5 487 67733]
[3 53 5861 197933 222601 265157]
[3 277 617]
[]
[7 10883 10214777]
[5 2462531]
[3 7 13 36713]
[41 13339 75553 13451149]
[5]
[3 5 153743]
[3 11 19 23]
[19471 357271]
[3 5 67 251]
[3]
[3 5 11 3578543]
[30133]
[5 9127 10159]
[3 11 19 21943 244553]
[3 19 83 281 1117]
[3 11 83 277 1627]
[3 77291]
[3 269 281 379 7727 577897]
[3 11 1823 88499]
[823]
